1075 1108 1210 1211 1322 1323 1448 1449 1533 1534 1640 1641 1746 1747 1845 1846 1951 1952 2048 2049 2132 2133 2241 2242 2354 2355 2429 2430 2523 2524 2620 2621 2695 2696 2801 2802 2836
1102 1103 1204 1205 1316 1317 1441 1442 1526 1527 1633 1634 1739 1740 1838 1839 1945 1946 2041 2042 2126 2127 2234 2235 2348 2349 2422 2423 2517 2518 2614 2615 2688 2689 2794 2795 2830
1043 1044 1257 1258 1259 1383 1384 1467 1468 1575 1576 1681 1682 1780 1781 1887 1888 1983 1984 2067 2068 2176 2177 2290 2291 2364 2365 2459 2460 2556 2557 2630 2631 2736 2737 2873
1076 1290 1415 1499 1500 1607 1713 1812 1919 2015 2099 2100 2208 2322 2323 2396 2491 2588 2662 2768
1105 1207 1319 1445 1530 1637 1743 1842 1948 2045 2129 2238 2351 2426 2520 2617 2692 2798 2833
1106 1208 1320 1446 1531 1638 1744 1843 1949 2046 2130 2239 2352 2427 2521 2618 2693 2799 2834
1107 1209 1321 1447 1532 1639 1745 1844 1950 2047 2131 2240 2353 2428 2522 2619 2694 2800 2835
1041 1255 1381 1465 1573 1679 1778 1885 1981 2065 2174 2288 2362 2457 2554 2628 2734 2871
1042 1256 1382 1466 1574 1680 1779 1886 1982 2066 2175 2289 2363 2458 2555 2629 2735 2872
1065 1279 1280 1405 1489 1597 1703 1802 1909 2005 2089 2198 2312 2386 2481 2578 2652 2758
1070 1071 1285 1410 1494 1602 1708 1807 1914 2010 2094 2203 2317 2391 2486 2583 2657 2763
1099 1201 1313 1438 1523 1630 1736 1835 1942 2038 2123 2231 2345 2419 2514 2611 2685 2791
1100 1202 1314 1439 1524 1631 1737 1836 1943 2039 2124 2232 2346 2420 2515 2612 2686 2792
1101 1203 1315 1440 1525 1632 1738 1837 1944 2040 2125 2233 2347 2421 2516 2613 2687 2793
1040 1254 1380 1464 1572 1678 1777 1884 2064 2173 2287 2361 2456 2553 2627 2733 2870
1046 1260 1386 1470 1578 1684 1783 1890 1986 2070 2179 2293 2367 2462 2559 2633 2739
1047 1261 1387 1471 1579 1685 1784 1891 1987 2071 2180 2294 2368 2463 2560 2634 2740
1048 1262 1388 1472 1580 1686 1785 1892 1988 2072 2181 2295 2369 2464 2561 2635 2741
1049 1263 1389 1473 1581 1687 1786 1893 1989 2073 2182 2296 2370 2465 2562 2636 2742
1050 1264 1390 1474 1582 1688 1787 1894 1990 2074 2183 2297 2371 2466 2563 2637 2743
1051 1265 1391 1475 1583 1689 1788 1895 1991 2075 2184 2298 2372 2467 2564 2638 2744
1052 1266 1392 1476 1584 1690 1789 1896 1992 2076 2185 2299 2373 2468 2565 2639 2745
1053 1267 1393 1477 1585 1691 1790 1897 1993 2077 2186 2300 2374 2469 2566 2640 2746
1054 1268 1394 1478 1586 1692 1791 1898 1994 2078 2187 2301 2375 2470 2567 2641 2747
1055 1269 1395 1479 1587 1693 1792 1899 1995 2079 2188 2302 2376 2471 2568 2642 2748
1056 1270 1396 1480 1588 1694 1793 1900 1996 2080 2189 2303 2377 2472 2569 2643 2749
1057 1271 1397 1481 1589 1695 1794 1901 1997 2081 2190 2304 2378 2473 2570 2644 2750
1058 1272 1398 1482 1590 1696 1795 1902 1998 2082 2191 2305 2379 2474 2571 2645 2751
1059 1273 1399 1483 1591 1697 1796 1903 1999 2083 2192 2306 2380 2475 2572 2646 2752
1060 1274 1400 1484 1592 1698 1797 1904 2000 2084 2193 2307 2381 2476 2573 2647 2753
1061 1275 1401 1485 1593 1699 1798 1905 2001 2085 2194 2308 2382 2477 2574 2648 2754
1062 1276 1402 1486 1594 1700 1799 1906 2002 2086 2195 2309 2383 2478 2575 2649 2755
1063 1277 1403 1487 1595 1701 1800 1907 2003 2087 2196 2310 2384 2479 2576 2650 2756
1064 1278 1404 1488 1596 1702 1801 1908 2004 2088 2197 2311 2385 2480 2577 2651 2757
1066 1281 1406 1490 1598 1704 1803 1910 2006 2090 2199 2313 2387 2482 2579 2653 2759
1067 1282 1407 1491 1599 1705 1804 1911 2007 2091 2200 2314 2388 2483 2580 2654 2760
1068 1283 1408 1492 1600 1706 1805 1912 2008 2092 2201 2315 2389 2484 2581 2655 2761
1069 1284 1409 1493 1601 1707 1806 1913 2009 2093 2202 2316 2390 2485 2582 2656 2762
1072 1286 1411 1495 1603 1709 1808 1915 2011 2095 2204 2318 2392 2487 2584 2658 2764
1073 1287 1412 1496 1604 1710 1809 1916 2012 2096 2205 2319 2393 2488 2585 2659 2765
1074 1288 1413 1497 1605 1711 1810 1917 2013 2097 2206 2320 2394 2489 2586 2660 2766
1077 1291 1416 1501 1608 1714 1813 1920 2016 2101 2209 2324 2397 2492 2589 2663 2769
1104 1206 1318 1444 1529 1636 1742 1841 2044 2128 2237 2350 2425 2616 2691 2797 2832
1212 1324 1450 1535 1642 1748 1847 1953 2050 2134 2243 2356 2431 2525 2622 2697 2803
1038 1252 1378 1570 1676 1775 1882 1979 2171 2285 2359 2454 2551 2625 2731 2868
1039 1253 1379 1571 1677 1776 1883 1980 2172 2286 2360 2455 2552 2626 2732 2869
1045 1385 1469 1577 1683 1782 1889 1985 2069 2178 2292 2366 2461 2558 2632 2738
1214 1215 1326 1327 1452 1537 1644 1750 1849 2052 2136 2137 2245 2433 2699 2805
1289 1414 1498 1606 1712 1811 1918 2014 2098 2207 2321 2395 2490 2587 2661 2767
1292 1417 1502 1609 1715 1814 1921 2017 2102 2210 2325 2398 2493 2590 2664 2770
1293 1418 1503 1610 1716 1815 1922 2018 2103 2211 2326 2399 2494 2591 2665 2771
1294 1419 1504 1611 1717 1816 1923 2019 2104 2212 2327 2400 2495 2592 2666 2772
1295 1420 1505 1612 1718 1817 1924 2020 2105 2213 2328 2401 2496 2593 2667 2773
1296 1421 1506 1613 1719 1818 1925 2021 2106 2214 2329 2402 2497 2594 2668 2774
1298 1423 1508 1615 1721 1820 1927 2023 2108 2216 2330 2404 2499 2596 2670 2776
1299 1424 1509 1616 1722 1821 1928 2024 2109 2217 2331 2405 2500 2597 2671 2777
1300 1425 1510 1617 1723 1822 1929 2025 2110 2218 2332 2406 2501 2598 2672 2778
1301 1426 1511 1618 1724 1823 1930 2026 2111 2219 2333 2407 2502 2599 2673 2779
1302 1427 1512 1619 1725 1824 1931 2027 2112 2220 2334 2408 2503 2600 2674 2780
1303 1428 1513 1620 1726 1825 1932 2028 2113 2221 2335 2409 2504 2601 2675 2781
1304 1429 1514 1621 1727 1826 1933 2029 2114 2222 2336 2410 2505 2602 2676 2782
1305 1430 1515 1622 1728 1827 1934 2030 2115 2223 2337 2411 2506 2603 2677 2783
1306 1431 1516 1623 1729 1828 1935 2031 2116 2224 2338 2412 2507 2604 2678 2784
1307 1432 1517 1624 1730 1829 1936 2032 2117 2225 2339 2413 2508 2605 2679 2785
1308 1433 1518 1625 1731 1830 1937 2033 2118 2226 2340 2414 2509 2606 2680 2786
1309 1434 1519 1626 1732 1831 1938 2034 2119 2227 2341 2415 2510 2607 2681 2787
1310 1435 1520 1627 1733 1832 1939 2035 2120 2228 2342 2416 2511 2608 2682 2788
1311 1436 1521 1628 1734 1833 1940 2036 2121 2229 2343 2417 2512 2609 2683 2789
1312 1437 1522 1629 1735 1834 1941 2037 2122 2230 2344 2418 2513 2610 2684 2790
1213 1325 1451 1536 1643 1749 1848 1954 2051 2135 2244 2432 2526 2698 2804
1297 1422 1507 1614 1720 1819 1926 2022 2107 2215 2403 2498 2595 2669 2775
1036 1250 1376 1568 1674 1773 1880 2169 2283 2357 2623 2729 2866
1037 1251 1377 1569 1675 1774 1881 2170 2284 2358 2624 2730 2867
1216 1328 1453 1538 1645 1751 1850 2053 2138 2246 2434 2700 2806
1217 1329 1454 1539 1646 1752 1851 2054 2139 2247 2435 2701 2807
1218 1330 1455 1540 1647 1753 1852 2055 2140 2248 2436 2702 2808
1244 1245 1370 1561 1562 1668 1873 1874 2162 2163 2277 2723 2860
1443 1528 1635 1741 1840 1947 2043 2236 2424 2519 2690 2796 2831
1219 1331 1456 1541 1648 1754 1853 2056 2249 2437 2703 2809
1220 1332 1457 1542 1649 1755 1854 2057 2250 2438 2704 2810
1221 1333 1458 1543 1650 1756 1855 2058 2251 2439 2705 2811
1334 1459 1544 1651 1757 1856 2059 2252 2440 2706 2812
1335 1460 1545 1652 1758 1857 2060 2253 2441 2707 2813
1336 1462 1547 1654 1859 2062 2255 2443 2709 2815
1337 1463 1548 1655 1860 2063 2256 2444 2710 2816
1246 1371 1563 1669 1875 2164 2278 2724 2861
1247 1372 1564 1670 1876 2165 2279 2725 2862
1248 1373 1565 1671 1877 2166 2280 2726 2863
1249 1375 1567 1673 1879 2168 2282 2728 2865
1461 1546 1653 1858 2061 2254 2442 2708 2814
1338 1549 1656 1861 2257 2445 2711 2817
1339 1550 1657 1862 2258 2446 2712 2818
1340 1551 1658 1863 2259 2447 2713 2819
1341 1552 1659 1864 2260 2448 2714 2820
1374 1566 1672 1878 2167 2281 2727 2864
1342 1553 1660 1865 2261 2715 2821
1343 1554 1661 1866 2262 2716 2822
1344 1555 1662 1867 2263 2717 2823
1345 1556 1663 1868 2264 2718 2824
1346 1557 1664 1869 2265 2719 2825
1347 1558 1665 1870 2266 2720 2826
1348 1559 1666 1871 2267 2721 2827
1349 1560 1667 1872 2268 2722 2828
0 128 256 384 512 640
1 129 257 385 513 641
2 130 258 386 514 642
3 131 259 387 515 643
4 132 260 388 516 644
5 133 261 389 517 645
6 134 262 390 518 646
7 135 263 391 519 647
8 136 264 392 520 648
9 137 265 393 521 649
10 138 266 394 522 650
11 139 267 395 523 651
12 140 268 396 524 652
13 141 269 397 525 653
14 142 270 398 526 654
15 143 271 399 527 655
16 144 272 400 528 656
17 145 273 401 529 657
18 146 274 402 530 658
19 147 275 403 531 659
20 148 276 404 532 660
21 149 277 405 533 661
22 150 278 406 534 662
23 151 279 407 535 663
24 152 280 408 536 664
25 153 281 409 537 665
26 154 282 410 538 666
27 155 283 411 539 667
28 156 284 412 540 668
29 157 285 413 541 669
30 158 286 414 542 670
31 159 287 415 543 671
32 160 288 416 544 672
33 161 289 417 545 673
34 162 290 418 546 674
35 163 291 419 547 675
36 164 292 420 548 676
37 165 293 421 549 677
38 166 294 422 550 678
39 167 295 423 551 679
40 168 296 424 552 680
41 169 297 425 553 681
42 170 298 426 554 682
43 171 299 427 555 683
44 172 300 428 556 684
45 173 301 429 557 685
46 174 302 430 558 686
47 175 303 431 559 687
48 176 304 432 560 688
49 177 305 433 561 689
50 178 306 434 562 690
51 179 307 435 563 691
52 180 308 436 564 692
53 181 309 437 565 693
54 182 310 438 566 694
55 183 311 439 567 695
56 184 312 440 568 696
57 185 313 441 569 697
58 186 314 442 570 698
59 187 315 443 571 699
60 188 316 444 572 700
61 189 317 445 573 701
62 190 318 446 574 702
63 191 319 447 575 703
64 192 320 448 576 704
65 193 321 449 577 705
66 194 322 450 578 706
67 195 323 451 579 707
68 196 324 452 580 708
69 197 325 453 581 709
70 198 326 454 582 710
71 199 327 455 583 711
72 200 328 456 584 712
73 201 329 457 585 713
74 202 330 458 586 714
75 203 331 459 587 715
76 204 332 460 588 716
77 205 333 461 589 717
78 206 334 462 590 718
79 207 335 463 591 719
80 208 336 464 592 720
81 209 337 465 593 721
82 210 338 466 594 722
83 211 339 467 595 723
84 212 340 468 596 724
85 213 341 469 597 725
86 214 342 470 598 726
87 215 343 471 599 727
88 216 344 472 600 728
89 217 345 473 601 729
90 218 346 474 602 730
91 219 347 475 603 731
92 220 348 476 604
93 221 349 477 605
94 222 350 478 606
95 223 351 479 607
96 224 352 480 608
97 225 353 481 609
98 226 354 482 610
99 227 355 483 611
100 228 356 484 612
101 229 357 485 613
102 230 358 486 614
103 231 359 487 615
104 232 360 488 616
105 233 361 489 617
106 234 362 490 618
107 235 363 491 619
108 236 364 492 620
109 237 365 493 621
110 238 366 494 622
111 239 367 495 623
112 240 368 496 624
113 241 369 497 625
114 242 370 498 626
115 243 371 499 627
116 244 372 500 628
117 245 373 501 629
118 246 374 502 630
119 247 375 503 631
120 248 376 504 632
121 249 377 505 633
122 250 378 506 634
123 251 379 507 635
124 252 380 508 636
125 253 381 509 637
126 254 382 510 638
127 255 383 511 639
1242 1368 2160 2275 2858
1243 1369 2161 2276 2859
1237 1363 2270 2853
1238 1364 2271 2854
1239 1365 2272 2855
1240 1366 2273 2856
1241 1367 2274 2857
1362 2269 2852
1078 1180
1079 1181
1080 1182
1081 1183
1082 1184
1083 1185
1084 1186
1085 1187
1086 1188
1087 1189
1088 1190
1089 1191
1090 1192
1091 1193
1092 1194
1093 1195
1094 1196
1095 1197
1096 1198
1097 1199
1098 1200
1350 2840
1351 2841
1352 2842
1353 2843
1354 2844
1355 2845
1356 2846
1357 2847
1358 2848
1359 2849
1360 2850
1361 2851
1955 2527
1956 2528
1957 2529
1958 2530
1959 2531
1960 2532
1961 2533
1962 2534
1963 2535
1964 2536
1965 2537
1966 2538
1967 2539
1968 2540
1969 2541
1970 2542
1971 2543
1972 2544
1973 2545
1974 2546
1975 2547
1976 2548
1977 2549
1978 2550
732
733
734
735
736
737
738
739
740
741
742
743
744
745
746
747
748
749
750
751
752
753
754
755
756
757
758
759
760
761
762
763
764
765
766
767
768
769
770
771
772
773
774
775
776
777
778
779
780
781
782
783
784
785
786
787
788
789
790
791
792
793
794
795
796
797
798
799
800
801
802
803
804
805
806
807
808
809
810
811
812
813
814
815
816
817
818
819
820
821
822
823
824
825
826
827
828
829
830
831
832
833
834
835
836
837
838
839
840
841
842
843
844
845
846
847
848
849
850
851
852
853
854
855
856
857
858
859
860
861
862
863
864
865
866
867
868
869
870
871
872
873
874
875
876
877
878
879
880
881
882
883
884
885
886
887
888
889
890
891
892
893
894
895
896
897
898
899
900
901
902
903
904
905
906
907
908
909
910
911
912
913
914
915
916
917
918
919
920
921
922
923
924
925
926
927
928
929
930
931
932
933
934
935
936
937
938
939
940
941
942
943
944
945
946
947
948
949
950
951
952
953
954
955
956
957
958
959
960
961
962
963
964
965
966
967
968
969
970
971
972
973
974
975
976
977
978
979
980
981
982
983
984
985
986
987
988
989
990
991
992
993
994
995
996
997
998
999
1000
1001
1002
1003
1004
1005
1006
1007
1008
1009
1010
1011
1012
1013
1014
1015
1016
1017
1018
1019
1020
1021
1022
1023
1024
1025
1026
1027
1028
1029
1030
1031
1032
1033
1034
1035
1109
1110
1111
1112
1113
1114
1115
1116
1117
1118
1119
1120
1121
1122
1123
1124
1125
1126
1127
1128
1129
1130
1131
1132
1133
1134
1135
1136
1137
1138
1139
1140
1141
1142
1143
1144
1145
1146
1147
1148
1149
1150
1151
1152
1153
1154
1155
1156
1157
1158
1159
1160
1161
1162
1163
1164
1165
1166
1167
1168
1169
1170
1171
1172
1173
1174
1175
1176
1177
1178
1179
1222
1223
1224
1225
1226
1227
1228
1229
1230
1231
1232
1233
1234
1235
1236
1759
1760
1761
1762
1763
1764
1765
1766
1767
1768
1769
1770
1771
1772
2141
2142
2143
2144
2145
2146
2147
2148
2149
2150
2151
2152
2153
2154
2155
2156
2157
2158
2159
2449
2450
2451
2452
2453
2829
2837
2838
2839